0.000000000000000000e+00 2.805917435884475730e-01
1.000000000000000000e+00 1.808834593296050897e-01
2.000000000000000000e+00 1.609592518210410939e-01
3.000000000000000000e+00 1.350770793557166949e-01
4.000000000000000000e+00 1.242744730114936774e-01
5.000000000000000000e+00 1.128358061313629174e-01
6.000000000000000000e+00 9.984887760877608764e-02
7.000000000000000000e+00 8.950873795151710610e-02
8.000000000000000000e+00 8.217072579264640686e-02
9.000000000000000000e+00 7.672791382670401950e-02
1.000000000000000000e+01 6.153198778629302701e-02
1.100000000000000000e+01 4.802747362852096552e-02
1.200000000000000000e+01 4.591605547070503474e-02
1.300000000000000000e+01 4.622518694400787331e-02
1.400000000000000000e+01 4.381298503279686118e-02
1.500000000000000000e+01 4.219192031025886802e-02
1.600000000000000000e+01 4.196162694692611578e-02
1.700000000000000000e+01 4.244831299781798989e-02
1.800000000000000000e+01 4.158359257876872994e-02
1.900000000000000000e+01 3.875051391124725159e-02
2.000000000000000000e+01 3.431970804929733443e-02
2.100000000000000000e+01 2.551055553555488589e-02
2.200000000000000000e+01 2.319578784704208474e-02
2.300000000000000000e+01 2.268670441210269770e-02
2.400000000000000000e+01 2.323069041967391890e-02
2.500000000000000000e+01 2.367741768062114546e-02
2.600000000000000000e+01 2.347675640881061523e-02
2.700000000000000000e+01 2.317451871931552887e-02
2.800000000000000000e+01 2.344229899346828364e-02
2.900000000000000000e+01 2.315483628213405726e-02
3.000000000000000000e+01 2.023811039328575132e-02
3.100000000000000000e+01 1.554479821771383337e-02
3.200000000000000000e+01 1.480530060082673946e-02
3.300000000000000000e+01 1.460749559849500688e-02
3.400000000000000000e+01 1.457176380604505508e-02
3.500000000000000000e+01 1.464349765330553131e-02
3.600000000000000000e+01 1.529436372220516205e-02
3.700000000000000000e+01 1.538241107761859940e-02
3.800000000000000000e+01 1.482639554888010025e-02
3.900000000000000000e+01 1.446665551513433463e-02
4.000000000000000000e+01 1.275326258689165118e-02
4.100000000000000000e+01 1.090083537995815283e-02
4.200000000000000000e+01 1.061831724643707252e-02
4.300000000000000000e+01 1.064397401362657605e-02
4.400000000000000000e+01 1.055734375119209319e-02
4.500000000000000000e+01 1.049436720460653234e-02
4.600000000000000000e+01 1.053579188883304631e-02
4.700000000000000000e+01 1.056952329725027034e-02
4.800000000000000000e+01 1.070001073926687279e-02
4.900000000000000000e+01 1.028857780247926720e-02
5.000000000000000000e+01 9.726133212447167151e-03
5.100000000000000000e+01 8.929420389235019628e-03
5.200000000000000000e+01 8.789569497108459112e-03
5.300000000000000000e+01 8.687499411404132552e-03
5.400000000000000000e+01 8.606571666896344064e-03
5.500000000000000000e+01 8.639540545642376140e-03
5.600000000000000000e+01 8.617723986506462333e-03
5.700000000000000000e+01 8.634422272443771640e-03
5.800000000000000000e+01 8.500708222389220803e-03
5.900000000000000000e+01 8.477342836558819303e-03
6.000000000000000000e+01 8.320225208997725913e-03
6.100000000000000000e+01 7.956910058856009674e-03
6.200000000000000000e+01 7.839723601937293243e-03
6.300000000000000000e+01 7.785449154675007019e-03
6.400000000000000000e+01 7.752219997346401076e-03
6.500000000000000000e+01 7.742479145526885709e-03
6.600000000000000000e+01 7.737658143043517692e-03
6.700000000000000000e+01 7.691997490823269078e-03
6.800000000000000000e+01 7.688513375818729553e-03
6.900000000000000000e+01 7.660389222204685294e-03
7.000000000000000000e+01 7.519768595695495994e-03
7.100000000000000000e+01 7.421439599245786833e-03
7.200000000000000000e+01 7.386257175356149979e-03
7.300000000000000000e+01 7.360612958669662635e-03
7.400000000000000000e+01 7.338066615164279619e-03
7.500000000000000000e+01 7.315130718052387064e-03
7.600000000000000000e+01 7.302772950381040268e-03
7.700000000000000000e+01 7.282597675919533046e-03
7.800000000000000000e+01 7.258543301373720363e-03
7.900000000000000000e+01 7.238398902118205712e-03
8.000000000000000000e+01 7.186903204768895978e-03
8.100000000000000000e+01 7.156502116471528951e-03
8.200000000000000000e+01 7.141437646001577363e-03
8.300000000000000000e+01 7.127711072564124964e-03
8.400000000000000000e+01 7.117111306637525885e-03
8.500000000000000000e+01 7.103653032332658823e-03
8.600000000000000000e+01 7.090036928653717374e-03
8.700000000000000000e+01 7.078365761786699351e-03
8.800000000000000000e+01 7.064564984291791909e-03
8.900000000000000000e+01 7.051523424685001221e-03
9.000000000000000000e+01 7.019332099705934136e-03
9.100000000000000000e+01 7.009581994265317618e-03
9.200000000000000000e+01 7.000972982496023178e-03
9.300000000000000000e+01 6.993917651474475597e-03
9.400000000000000000e+01 6.986521791666745924e-03
9.500000000000000000e+01 6.978307746350765478e-03
9.600000000000000000e+01 6.971146911382675171e-03
9.700000000000000000e+01 6.963589936494827062e-03
9.800000000000000000e+01 6.955757305026054674e-03
9.900000000000000000e+01 6.947667449712753400e-03
1.000000000000000000e+02 6.930520147085189424e-03
1.010000000000000000e+02 6.925298307090997467e-03
1.020000000000000000e+02 6.921096313744783471e-03
1.030000000000000000e+02 6.917316809296607770e-03
1.040000000000000000e+02 6.913454271852970123e-03
1.050000000000000000e+02 6.908756978809833804e-03
1.060000000000000000e+02 6.904438268393277810e-03
1.070000000000000000e+02 6.900352921336888948e-03
1.080000000000000000e+02 6.896204266697168218e-03
1.090000000000000000e+02 6.892246488481759692e-03
1.100000000000000000e+02 6.882431220263243027e-03
1.110000000000000000e+02 6.879954699426889426e-03
1.120000000000000000e+02 6.877532768994569848e-03
1.130000000000000000e+02 6.875643465667963250e-03
1.140000000000000000e+02 6.873466819524764841e-03
1.150000000000000000e+02 6.870525881648063306e-03
1.160000000000000000e+02 6.868313875049352445e-03
1.170000000000000000e+02 6.866196509450674113e-03
1.180000000000000000e+02 6.864010628312826497e-03
1.190000000000000000e+02 6.861897733062506145e-03
1.200000000000000000e+02 6.856518745422363406e-03
1.210000000000000000e+02 6.855412431061268241e-03
1.220000000000000000e+02 6.853930514305829960e-03
1.230000000000000000e+02 6.852899000048637279e-03
1.240000000000000000e+02 6.851705349981784474e-03
1.250000000000000000e+02 6.850521553307772037e-03
1.260000000000000000e+02 6.849263865500688879e-03
1.270000000000000000e+02 6.848066445440053641e-03
1.280000000000000000e+02 6.846917763352394423e-03
1.290000000000000000e+02 6.845862388610839989e-03
1.300000000000000000e+02 6.843050379306077693e-03
1.310000000000000000e+02 6.842479884624481576e-03
1.320000000000000000e+02 6.841965448111295665e-03
1.330000000000000000e+02 6.841266524046659726e-03
1.340000000000000000e+02 6.840585961937904053e-03
1.350000000000000000e+02 6.839913282543420500e-03
1.360000000000000000e+02 6.839455120265483697e-03
1.370000000000000000e+02 6.838885106146335921e-03
1.380000000000000000e+02 6.838148064911365835e-03
1.390000000000000000e+02 6.837530978024006049e-03
1.400000000000000000e+02 6.836236063390970299e-03
1.410000000000000000e+02 6.835902914404869135e-03
1.420000000000000000e+02 6.835620932281017727e-03
1.430000000000000000e+02 6.835270471870899187e-03
1.440000000000000000e+02 6.834959942847490012e-03
1.450000000000000000e+02 6.834693461656570802e-03
1.460000000000000000e+02 6.834336623549461080e-03
1.470000000000000000e+02 6.834091834723949287e-03
1.480000000000000000e+02 6.833741087466478452e-03
1.490000000000000000e+02 6.833434768021106991e-03
1.500000000000000000e+02 6.832739323377609413e-03
1.510000000000000000e+02 6.832580544054508466e-03
1.520000000000000000e+02 6.832415461540222376e-03
1.530000000000000000e+02 6.832269627600908064e-03
1.540000000000000000e+02 6.832109816372394437e-03
1.550000000000000000e+02 6.831954348832368698e-03
1.560000000000000000e+02 6.831805359572172207e-03
1.570000000000000000e+02 6.831636883318423920e-03
1.580000000000000000e+02 6.831491854041814998e-03
1.590000000000000000e+02 6.831330459564924351e-03
1.600000000000000000e+02 6.830996204167604467e-03
1.610000000000000000e+02 6.830910395830869751e-03
1.620000000000000000e+02 6.830830480903386966e-03
1.630000000000000000e+02 6.830763246864080505e-03
1.640000000000000000e+02 6.830678846687078705e-03
1.650000000000000000e+02 6.830585654824972153e-03
1.660000000000000000e+02 6.830541245639323855e-03
1.670000000000000000e+02 6.830449879169464382e-03
1.680000000000000000e+02 6.830366786569356564e-03
1.690000000000000000e+02 6.830296952277422305e-03
1.700000000000000000e+02 6.830108020454645455e-03
1.710000000000000000e+02 6.830070756375789844e-03
1.720000000000000000e+02 6.830043852329254102e-03
1.730000000000000000e+02 6.830003231763839312e-03
1.740000000000000000e+02 6.829973928630351902e-03
1.750000000000000000e+02 6.829933408647776046e-03
1.760000000000000000e+02 6.829899869859218896e-03
1.770000000000000000e+02 6.829869892448187096e-03
1.780000000000000000e+02 6.829830635339021253e-03
1.790000000000000000e+02 6.829791463911533307e-03
1.800000000000000000e+02 6.829699873924255718e-03
1.810000000000000000e+02 6.829685173928738001e-03
1.820000000000000000e+02 6.829677946865558326e-03
1.830000000000000000e+02 6.829660259187221583e-03
1.840000000000000000e+02 6.829645194113254623e-03
1.850000000000000000e+02 6.829634312540292483e-03
1.860000000000000000e+02 6.829622659832238797e-03
1.870000000000000000e+02 6.829609986394643423e-03
1.880000000000000000e+02 6.829596113413572214e-03
1.890000000000000000e+02 6.829581744968890762e-03
1.900000000000000000e+02 6.829541362822055990e-03
1.910000000000000000e+02 6.829537387937307386e-03
1.920000000000000000e+02 6.829535175114869947e-03
1.930000000000000000e+02 6.829530674964189897e-03
1.940000000000000000e+02 6.829525124281645224e-03
1.950000000000000000e+02 6.829520974308252515e-03
1.960000000000000000e+02 6.829517588019371269e-03
1.970000000000000000e+02 6.829515185207128691e-03
1.980000000000000000e+02 6.829509068280458645e-03
1.990000000000000000e+02 6.829504705965518813e-03
2.000000000000000000e+02 6.829492401331662722e-03
2.010000000000000000e+02 6.829490739852189622e-03
2.020000000000000000e+02 6.829489938914776008e-03
2.030000000000000000e+02 6.829488363116979939e-03
2.040000000000000000e+02 6.829487290233373330e-03
2.050000000000000000e+02 6.829486958682537065e-03
2.060000000000000000e+02 6.829485394060611989e-03
2.070000000000000000e+02 6.829484369605779391e-03
2.080000000000000000e+02 6.829483967274427129e-03
2.090000000000000000e+02 6.829482194036244971e-03
2.100000000000000000e+02 6.829478263854980337e-03
2.110000000000000000e+02 6.829477984458208126e-03
2.120000000000000000e+02 6.829478025436401187e-03
2.130000000000000000e+02 6.829477421939372794e-03
2.140000000000000000e+02 6.829477205872535629e-03
2.150000000000000000e+02 6.829477041959762518e-03
2.160000000000000000e+02 6.829476874321699365e-03
2.170000000000000000e+02 6.829476390033960113e-03
2.180000000000000000e+02 6.829476166516542865e-03
2.190000000000000000e+02 6.829475905746221730e-03
2.200000000000000000e+02 6.829474948346615087e-03
2.210000000000000000e+02 6.829474665224551967e-03
2.220000000000000000e+02 6.829474549740552868e-03
2.230000000000000000e+02 6.829474609345197872e-03
2.240000000000000000e+02 6.829474706202745028e-03
2.250000000000000000e+02 6.829474519938230799e-03
2.260000000000000000e+02 6.829474363476037771e-03
2.270000000000000000e+02 6.829474505037068897e-03
2.280000000000000000e+02 6.829474389553069798e-03
2.290000000000000000e+02 6.829474151134490648e-03
2.300000000000000000e+02 6.829473849385976451e-03
2.310000000000000000e+02 6.829474002122879438e-03
2.320000000000000000e+02 6.829473856836557402e-03
2.330000000000000000e+02 6.829473774880170413e-03
2.340000000000000000e+02 6.829473767429590329e-03
2.350000000000000000e+02 6.829473957419395468e-03
2.360000000000000000e+02 6.829473853111267360e-03
2.370000000000000000e+02 6.829474091529846511e-03
2.380000000000000000e+02 6.829474024474620555e-03
2.390000000000000000e+02 6.829473912715911497e-03
2.400000000000000000e+02 6.829473700374365241e-03
2.410000000000000000e+02 6.829473771154880371e-03
2.420000000000000000e+02 6.829474009573459521e-03
2.430000000000000000e+02 6.829473953694105426e-03
2.440000000000000000e+02 6.829473719000816317e-03
2.450000000000000000e+02 6.829473912715911497e-03
2.460000000000000000e+02 6.829473663121462222e-03
2.470000000000000000e+02 6.829473756253719337e-03
2.480000000000000000e+02 6.829473752528429295e-03
2.490000000000000000e+02 6.829473685473203340e-03
2.500000000000000000e+02 6.829473670572042306e-03
2.510000000000000000e+02 6.829473707824945325e-03
2.520000000000000000e+02 6.829473678022623256e-03
2.530000000000000000e+02 6.829473733901977352e-03
2.540000000000000000e+02 6.829473741352558303e-03
2.550000000000000000e+02 6.829473555088043206e-03
2.560000000000000000e+02 6.829473849385976451e-03
2.570000000000000000e+02 6.829473674297332347e-03
2.580000000000000000e+02 6.829473651945591230e-03
2.590000000000000000e+02 6.829473830759525375e-03
2.600000000000000000e+02 6.829473838210106326e-03
2.610000000000000000e+02 6.829473894089460421e-03
2.620000000000000000e+02 6.829473640769720237e-03
2.630000000000000000e+02 6.829473674297332347e-03
2.640000000000000000e+02 6.829473484307527209e-03
2.650000000000000000e+02 6.829473607242107260e-03
2.660000000000000000e+02 6.829473678022623256e-03
2.670000000000000000e+02 6.829473800957203307e-03
2.680000000000000000e+02 6.829473756253719337e-03
2.690000000000000000e+02 6.829473651945591230e-03
2.700000000000000000e+02 6.829473678022623256e-03
2.710000000000000000e+02 6.829473715275526276e-03
2.720000000000000000e+02 6.829473897814750463e-03
2.730000000000000000e+02 6.829473569989204240e-03
2.740000000000000000e+02 6.829473737627268261e-03
2.750000000000000000e+02 6.829473804682493349e-03
2.760000000000000000e+02 6.829473681747913298e-03
2.770000000000000000e+02 6.829473685473203340e-03
2.780000000000000000e+02 6.829473678022623256e-03
2.790000000000000000e+02 6.829473625868559203e-03
2.800000000000000000e+02 6.829473834484815417e-03
2.810000000000000000e+02 6.829473633319139286e-03
2.820000000000000000e+02 6.829473696649074332e-03
2.830000000000000000e+02 6.829473789781332314e-03
2.840000000000000000e+02 6.829473808407783390e-03
2.850000000000000000e+02 6.829473726451397268e-03
2.860000000000000000e+02 6.829473681747913298e-03
2.870000000000000000e+02 6.829473622143268294e-03
2.880000000000000000e+02 6.829473681747913298e-03
2.890000000000000000e+02 6.829473778605461322e-03
2.900000000000000000e+02 6.829473767429590329e-03
2.910000000000000000e+02 6.829473808407783390e-03
2.920000000000000000e+02 6.829473748803138386e-03
2.930000000000000000e+02 6.829473845660686410e-03
2.940000000000000000e+02 6.829473823308944425e-03
2.950000000000000000e+02 6.829473704099655283e-03
2.960000000000000000e+02 6.829473786056041405e-03
2.970000000000000000e+02 6.829473841935396368e-03
2.980000000000000000e+02 6.829473707824945325e-03
2.990000000000000000e+02 6.829473894089460421e-03
3.000000000000000000e+02 6.829473931342363441e-03
3.010000000000000000e+02 6.829473864287138353e-03
3.020000000000000000e+02 6.829473860561847444e-03
3.030000000000000000e+02 6.829473830759525375e-03
3.040000000000000000e+02 6.829473882913589429e-03
3.050000000000000000e+02 6.829473912715911497e-03
3.060000000000000000e+02 6.829473748803138386e-03
3.070000000000000000e+02 6.829473819583654383e-03
3.080000000000000000e+02 6.829473782330751364e-03
3.090000000000000000e+02 6.829473830759525375e-03
3.100000000000000000e+02 6.829473756253719337e-03
3.110000000000000000e+02 6.829473737627268261e-03
3.120000000000000000e+02 6.829473778605461322e-03
3.130000000000000000e+02 6.829473849385976451e-03
3.140000000000000000e+02 6.829473778605461322e-03
3.150000000000000000e+02 6.829473875463008478e-03
3.160000000000000000e+02 6.829473916441202407e-03
3.170000000000000000e+02 6.829473856836557402e-03
3.180000000000000000e+02 6.829473733901977352e-03
3.190000000000000000e+02 6.829473800957203307e-03
3.200000000000000000e+02 6.829473808407783390e-03
3.210000000000000000e+02 6.829473830759525375e-03
3.220000000000000000e+02 6.829473938792943524e-03
3.230000000000000000e+02 6.829473931342363441e-03
3.240000000000000000e+02 6.829473853111267360e-03
3.250000000000000000e+02 6.829473908990621456e-03
3.260000000000000000e+02 6.829473886638879471e-03
3.270000000000000000e+02 6.829473827034235334e-03
3.280000000000000000e+02 6.829473964869976418e-03
3.290000000000000000e+02 6.829473838210106326e-03
3.300000000000000000e+02 6.829473748803138386e-03
3.310000000000000000e+02 6.829473894089460421e-03
3.320000000000000000e+02 6.829473875463008478e-03
3.330000000000000000e+02 6.829473879188299387e-03
3.340000000000000000e+02 6.829473830759525375e-03
3.350000000000000000e+02 6.829473864287138353e-03
3.360000000000000000e+02 6.829473875463008478e-03
3.370000000000000000e+02 6.829473935067653483e-03
3.380000000000000000e+02 6.829473871737718436e-03
3.390000000000000000e+02 6.829473800957203307e-03
3.400000000000000000e+02 6.829473916441202407e-03
3.410000000000000000e+02 6.829473860561847444e-03
3.420000000000000000e+02 6.829473841935396368e-03
3.430000000000000000e+02 6.829473912715911497e-03
3.440000000000000000e+02 6.829473800957203307e-03
3.450000000000000000e+02 6.829473901540041372e-03
3.460000000000000000e+02 6.829473763704300288e-03
3.470000000000000000e+02 6.829473890364170380e-03
3.480000000000000000e+02 6.829473882913589429e-03
3.490000000000000000e+02 6.829473949968814517e-03
3.500000000000000000e+02 6.829473827034235334e-03
3.510000000000000000e+02 6.829473856836557402e-03
3.520000000000000000e+02 6.829473882913589429e-03
3.530000000000000000e+02 6.829473931342363441e-03
3.540000000000000000e+02 6.829473990947008445e-03
3.550000000000000000e+02 6.829473789781332314e-03
3.560000000000000000e+02 6.829473905265331414e-03
3.570000000000000000e+02 6.829473853111267360e-03
3.580000000000000000e+02 6.829473823308944425e-03
3.590000000000000000e+02 6.829473804682493349e-03
3.600000000000000000e+02 6.829473908990621456e-03
3.610000000000000000e+02 6.829473681747913298e-03
3.620000000000000000e+02 6.829473894089460421e-03
3.630000000000000000e+02 6.829473882913589429e-03
3.640000000000000000e+02 6.829473886638879471e-03
3.650000000000000000e+02 6.829473808407783390e-03
3.660000000000000000e+02 6.829473860561847444e-03
3.670000000000000000e+02 6.829473759979009378e-03
3.680000000000000000e+02 6.829473894089460421e-03
3.690000000000000000e+02 6.829473804682493349e-03
3.700000000000000000e+02 6.829473819583654383e-03
3.710000000000000000e+02 6.829473856836557402e-03
3.720000000000000000e+02 6.829473849385976451e-03
3.730000000000000000e+02 6.829473856836557402e-03
3.740000000000000000e+02 6.829473882913589429e-03
3.750000000000000000e+02 6.829473927617073399e-03
3.760000000000000000e+02 6.829473923891782490e-03
3.770000000000000000e+02 6.829473871737718436e-03
3.780000000000000000e+02 6.829473804682493349e-03
3.790000000000000000e+02 6.829473868012428395e-03
3.800000000000000000e+02 6.829473972320556502e-03
3.810000000000000000e+02 6.829473920166492448e-03
3.820000000000000000e+02 6.829473905265331414e-03
3.830000000000000000e+02 6.829473879188299387e-03
3.840000000000000000e+02 6.829473808407783390e-03
3.850000000000000000e+02 6.829473923891782490e-03
3.860000000000000000e+02 6.829473815858364341e-03
3.870000000000000000e+02 6.829473994672298487e-03
3.880000000000000000e+02 6.829473759979009378e-03
3.890000000000000000e+02 6.829473789781332314e-03
3.900000000000000000e+02 6.829473823308944425e-03
3.910000000000000000e+02 6.829473961144685509e-03
3.920000000000000000e+02 6.829473841935396368e-03
3.930000000000000000e+02 6.829473935067653483e-03
3.940000000000000000e+02 6.829473938792943524e-03
3.950000000000000000e+02 6.829473923891782490e-03
3.960000000000000000e+02 6.829473797231912398e-03
3.970000000000000000e+02 6.829473879188299387e-03
3.980000000000000000e+02 6.829473856836557402e-03
3.990000000000000000e+02 6.829473815858364341e-03
4.000000000000000000e+02 6.829473745077848344e-03
4.010000000000000000e+02 6.829473856836557402e-03
4.020000000000000000e+02 6.829473804682493349e-03
4.030000000000000000e+02 6.829473912715911497e-03
4.040000000000000000e+02 6.829473827034235334e-03
4.050000000000000000e+02 6.829473942518234433e-03
4.060000000000000000e+02 6.829473912715911497e-03
4.070000000000000000e+02 6.829473830759525375e-03
4.080000000000000000e+02 6.829473882913589429e-03
4.090000000000000000e+02 6.829473834484815417e-03
4.100000000000000000e+02 6.829473923891782490e-03
4.110000000000000000e+02 6.829473860561847444e-03
4.120000000000000000e+02 6.829473875463008478e-03
4.130000000000000000e+02 6.829473879188299387e-03
4.140000000000000000e+02 6.829473789781332314e-03
4.150000000000000000e+02 6.829473812133073432e-03
4.160000000000000000e+02 6.829473890364170380e-03
4.170000000000000000e+02 6.829473827034235334e-03
4.180000000000000000e+02 6.829473812133073432e-03
4.190000000000000000e+02 6.829473845660686410e-03
4.200000000000000000e+02 6.829473882913589429e-03
4.210000000000000000e+02 6.829473756253719337e-03
4.220000000000000000e+02 6.829473827034235334e-03
4.230000000000000000e+02 6.829473935067653483e-03
4.240000000000000000e+02 6.829473886638879471e-03
4.250000000000000000e+02 6.829473808407783390e-03
4.260000000000000000e+02 6.829473875463008478e-03
4.270000000000000000e+02 6.829474125057458621e-03
4.280000000000000000e+02 6.829474013298749563e-03
4.290000000000000000e+02 6.829473834484815417e-03
4.300000000000000000e+02 6.829473905265331414e-03
4.310000000000000000e+02 6.829473841935396368e-03
4.320000000000000000e+02 6.829473838210106326e-03
4.330000000000000000e+02 6.829473990947008445e-03
4.340000000000000000e+02 6.829473797231912398e-03
4.350000000000000000e+02 6.829473901540041372e-03
4.360000000000000000e+02 6.829473804682493349e-03
4.370000000000000000e+02 6.829473797231912398e-03
4.380000000000000000e+02 6.829473730176687310e-03
4.390000000000000000e+02 6.829473871737718436e-03
4.400000000000000000e+02 6.829473964869976418e-03
4.410000000000000000e+02 6.829473823308944425e-03
4.420000000000000000e+02 6.829473741352558303e-03
4.430000000000000000e+02 6.829473871737718436e-03
4.440000000000000000e+02 6.829473920166492448e-03
4.450000000000000000e+02 6.829473812133073432e-03
4.460000000000000000e+02 6.829473827034235334e-03
4.470000000000000000e+02 6.829473927617073399e-03
4.480000000000000000e+02 6.829473871737718436e-03
4.490000000000000000e+02 6.829473894089460421e-03
4.500000000000000000e+02 6.829473800957203307e-03
4.510000000000000000e+02 6.829473882913589429e-03
4.520000000000000000e+02 6.829473972320556502e-03
4.530000000000000000e+02 6.829473853111267360e-03
4.540000000000000000e+02 6.829473752528429295e-03
4.550000000000000000e+02 6.829473908990621456e-03
4.560000000000000000e+02 6.829473920166492448e-03
4.570000000000000000e+02 6.829473853111267360e-03
4.580000000000000000e+02 6.829473923891782490e-03
4.590000000000000000e+02 6.829473882913589429e-03
4.600000000000000000e+02 6.829473897814750463e-03
4.610000000000000000e+02 6.829473767429590329e-03
4.620000000000000000e+02 6.829473771154880371e-03
4.630000000000000000e+02 6.829473931342363441e-03
4.640000000000000000e+02 6.829473927617073399e-03
4.650000000000000000e+02 6.829473871737718436e-03
4.660000000000000000e+02 6.829473864287138353e-03
4.670000000000000000e+02 6.829473964869976418e-03
4.680000000000000000e+02 6.829473804682493349e-03
4.690000000000000000e+02 6.829473912715911497e-03
4.700000000000000000e+02 6.829473879188299387e-03
4.710000000000000000e+02 6.829473849385976451e-03
4.720000000000000000e+02 6.829473759979009378e-03
4.730000000000000000e+02 6.829473830759525375e-03
4.740000000000000000e+02 6.829473894089460421e-03
4.750000000000000000e+02 6.829473841935396368e-03
4.760000000000000000e+02 6.829473800957203307e-03
4.770000000000000000e+02 6.829473923891782490e-03
4.780000000000000000e+02 6.829473804682493349e-03
4.790000000000000000e+02 6.829473968595266460e-03
4.800000000000000000e+02 6.829473834484815417e-03
4.810000000000000000e+02 6.829473804682493349e-03
4.820000000000000000e+02 6.829473689198494249e-03
4.830000000000000000e+02 6.829473894089460421e-03
4.840000000000000000e+02 6.829473845660686410e-03
4.850000000000000000e+02 6.829473901540041372e-03
4.860000000000000000e+02 6.829473856836557402e-03
4.870000000000000000e+02 6.829473815858364341e-03
4.880000000000000000e+02 6.829473908990621456e-03
4.890000000000000000e+02 6.829473771154880371e-03
4.900000000000000000e+02 6.829473856836557402e-03
4.910000000000000000e+02 6.829473860561847444e-03
4.920000000000000000e+02 6.829473882913589429e-03
4.930000000000000000e+02 6.829473860561847444e-03
4.940000000000000000e+02 6.829473905265331414e-03
4.950000000000000000e+02 6.829473860561847444e-03
4.960000000000000000e+02 6.829473976045846544e-03
4.970000000000000000e+02 6.829473864287138353e-03
4.980000000000000000e+02 6.829473886638879471e-03
4.990000000000000000e+02 6.829473938792943524e-03
