0.000000000000000000e+00 1.537647592067718505e-01
1.000000000000000000e+00 1.175982938200235417e-01
2.000000000000000000e+00 1.026512135535478654e-01
3.000000000000000000e+00 9.403488969206809378e-02
4.000000000000000000e+00 8.917795708775520802e-02
5.000000000000000000e+00 8.556084905266761464e-02
6.000000000000000000e+00 8.261088259816169732e-02
7.000000000000000000e+00 8.148145954012871173e-02
8.000000000000000000e+00 7.891023747324943383e-02
9.000000000000000000e+00 7.830984118729829302e-02
1.000000000000000000e+01 7.702931747138500040e-02
1.100000000000000000e+01 7.638920442461967497e-02
1.200000000000000000e+01 7.544341975748539153e-02
1.300000000000000000e+01 7.479340014159679972e-02
1.400000000000000000e+01 7.416289378404616883e-02
1.500000000000000000e+01 7.362997048795223709e-02
1.600000000000000000e+01 7.323324574530123976e-02
1.700000000000000000e+01 7.251067570149898056e-02
1.800000000000000000e+01 7.212216936498880293e-02
1.900000000000000000e+01 7.198918999880551950e-02
2.000000000000000000e+01 7.159491741359233496e-02
2.100000000000000000e+01 7.127538218796253267e-02
2.200000000000000000e+01 7.072905893027782442e-02
2.300000000000000000e+01 7.051632537543774115e-02
2.400000000000000000e+01 7.028148312419653376e-02
2.500000000000000000e+01 7.009835698008537452e-02
2.600000000000000000e+01 6.998258407562971128e-02
2.700000000000000000e+01 6.967073612809181193e-02
2.800000000000000000e+01 6.946365051716565930e-02
2.900000000000000000e+01 6.948887455314398109e-02
3.000000000000000000e+01 6.920321352183818331e-02
3.100000000000000000e+01 6.885780910998583193e-02
3.200000000000000000e+01 6.872682015150785584e-02
3.300000000000000000e+01 6.863276848495006299e-02
3.400000000000000000e+01 6.841964092403650388e-02
3.500000000000000000e+01 6.829768817275762294e-02
3.600000000000000000e+01 6.836581168174743484e-02
3.700000000000000000e+01 6.782539162337780647e-02
3.800000000000000000e+01 6.764880114942789513e-02
3.900000000000000000e+01 6.776852226853370686e-02
4.000000000000000000e+01 6.764656574279069579e-02
4.100000000000000000e+01 6.738456812798976348e-02
4.200000000000000000e+01 6.722569070756435894e-02
4.300000000000000000e+01 6.738188422918320319e-02
4.400000000000000000e+01 6.709659018665552199e-02
4.500000000000000000e+01 6.687726784348488329e-02
4.600000000000000000e+01 6.695967465490103299e-02
4.700000000000000000e+01 6.679782266020774240e-02
4.800000000000000000e+01 6.640218861699104247e-02
4.900000000000000000e+01 6.644893616437912154e-02
5.000000000000000000e+01 5.923986911326646621e-02
5.100000000000000000e+01 5.744282766878604923e-02
5.200000000000000000e+01 5.738856470584869501e-02
5.300000000000000000e+01 5.715684602111578000e-02
5.400000000000000000e+01 5.701665070652961465e-02
5.500000000000000000e+01 5.688910584151744831e-02
5.600000000000000000e+01 5.688205723911524125e-02
5.700000000000000000e+01 5.685282926410436394e-02
5.800000000000000000e+01 5.684744991362095101e-02
5.900000000000000000e+01 5.665141463130712179e-02
6.000000000000000000e+01 5.681972132474184117e-02
6.100000000000000000e+01 5.674053084701299876e-02
6.200000000000000000e+01 5.664194649457931358e-02
6.300000000000000000e+01 5.651823485940694891e-02
6.400000000000000000e+01 5.665896693319082134e-02
6.500000000000000000e+01 5.661192368716001788e-02
6.600000000000000000e+01 5.652157404720783290e-02
6.700000000000000000e+01 5.655735012739896567e-02
6.800000000000000000e+01 5.633919779807328859e-02
6.900000000000000000e+01 5.644297922998666589e-02
7.000000000000000000e+01 5.640025081932544676e-02
7.100000000000000000e+01 5.638345699310302883e-02
7.200000000000000000e+01 5.627371331900358348e-02
7.300000000000000000e+01 5.632933506071567675e-02
7.400000000000000000e+01 5.624503516852855795e-02
7.500000000000000000e+01 5.630630027502775414e-02
7.600000000000000000e+01 5.633980289101600536e-02
7.700000000000000000e+01 5.618129706978797905e-02
7.800000000000000000e+01 5.615655886828899157e-02
7.900000000000000000e+01 5.622879016995430135e-02
8.000000000000000000e+01 5.623183237612247587e-02
8.100000000000000000e+01 5.615735884159803182e-02
8.200000000000000000e+01 5.604191117137670430e-02
8.300000000000000000e+01 5.606217932701110934e-02
8.400000000000000000e+01 5.608699905723333462e-02
8.500000000000000000e+01 5.603758334368467292e-02
8.600000000000000000e+01 5.602219644486904071e-02
8.700000000000000000e+01 5.608893753886223105e-02
8.800000000000000000e+01 5.605128126293421054e-02
8.900000000000000000e+01 5.599297940135002094e-02
9.000000000000000000e+01 5.597199144065380383e-02
9.100000000000000000e+01 5.601980551630258293e-02
9.200000000000000000e+01 5.590099802166223486e-02
9.300000000000000000e+01 5.580806391835212849e-02
9.400000000000000000e+01 5.587367103844881333e-02
9.500000000000000000e+01 5.579387008100748085e-02
9.600000000000000000e+01 5.577785866260528275e-02
9.700000000000000000e+01 5.579514842629432897e-02
9.800000000000000000e+01 5.581849727928638732e-02
9.900000000000000000e+01 5.580302069783210639e-02
1.000000000000000000e+02 5.188086972683668419e-02
1.010000000000000000e+02 5.065263647735118724e-02
1.020000000000000000e+02 5.057655201256275324e-02
1.030000000000000000e+02 5.054732036590576377e-02
1.040000000000000000e+02 5.050550889670848975e-02
1.050000000000000000e+02 5.046858683675527896e-02
1.060000000000000000e+02 5.041880555599927843e-02
1.070000000000000000e+02 5.040456571131944619e-02
1.080000000000000000e+02 5.035835446715354602e-02
1.090000000000000000e+02 5.042665579617023469e-02
1.100000000000000000e+02 5.040112714916467757e-02
1.110000000000000000e+02 5.031194741725921599e-02
1.120000000000000000e+02 5.033036170005798088e-02
1.130000000000000000e+02 5.036279289573430962e-02
1.140000000000000000e+02 5.033709009289741299e-02
1.150000000000000000e+02 5.034548742622137196e-02
1.160000000000000000e+02 5.032489421963691478e-02
1.170000000000000000e+02 5.031745921969413976e-02
1.180000000000000000e+02 5.033399409651756473e-02
1.190000000000000000e+02 5.027229595333337908e-02
1.200000000000000000e+02 5.021896615624427823e-02
1.210000000000000000e+02 5.028522855341434339e-02
1.220000000000000000e+02 5.029522073268890420e-02
1.230000000000000000e+02 5.027878042459488217e-02
1.240000000000000000e+02 5.022763152867555647e-02
1.250000000000000000e+02 5.023606413900852385e-02
1.260000000000000000e+02 5.023364081233740175e-02
1.270000000000000000e+02 5.022904200851917300e-02
1.280000000000000000e+02 5.027823658883571328e-02
1.290000000000000000e+02 5.018150294870138417e-02
1.300000000000000000e+02 5.020192013978957979e-02
1.310000000000000000e+02 5.017538755089044622e-02
1.320000000000000000e+02 5.021741690784693041e-02
1.330000000000000000e+02 5.018501730859279558e-02
1.340000000000000000e+02 5.014388534873723963e-02
1.350000000000000000e+02 5.013543910235166573e-02
1.360000000000000000e+02 5.015605473816394516e-02
1.370000000000000000e+02 5.021950443685054694e-02
1.380000000000000000e+02 5.018829731345176431e-02
1.390000000000000000e+02 5.013633944094181283e-02
1.400000000000000000e+02 5.017220106571912419e-02
1.410000000000000000e+02 5.013303113430738617e-02
1.420000000000000000e+02 5.011170151233673015e-02
1.430000000000000000e+02 5.011397312432527840e-02
1.440000000000000000e+02 5.010084425210952624e-02
1.450000000000000000e+02 5.013138959407806294e-02
1.460000000000000000e+02 5.011773027181625623e-02
1.470000000000000000e+02 5.011700934022664949e-02
1.480000000000000000e+02 5.005588717311620917e-02
1.490000000000000000e+02 5.009743222594260914e-02
1.500000000000000000e+02 4.796332499086856938e-02
1.510000000000000000e+02 4.708561180382966893e-02
1.520000000000000000e+02 4.712845996618270777e-02
1.530000000000000000e+02 4.707068777084350703e-02
1.540000000000000000e+02 4.704253956973552392e-02
1.550000000000000000e+02 4.702785631418228418e-02
1.560000000000000000e+02 4.700706733316183106e-02
1.570000000000000000e+02 4.700731663107871744e-02
1.580000000000000000e+02 4.694604171067476295e-02
1.590000000000000000e+02 4.698339693695306740e-02
1.600000000000000000e+02 4.695331109315156737e-02
1.610000000000000000e+02 4.697947085648775112e-02
1.620000000000000000e+02 4.696281535923480660e-02
1.630000000000000000e+02 4.695110598355531351e-02
1.640000000000000000e+02 4.692389573156833388e-02
1.650000000000000000e+02 4.690409474074840740e-02
1.660000000000000000e+02 4.691753661185502772e-02
1.670000000000000000e+02 4.690977544486522877e-02
1.680000000000000000e+02 4.688829319179058097e-02
1.690000000000000000e+02 4.691378044635057670e-02
1.700000000000000000e+02 4.690991164892911736e-02
1.710000000000000000e+02 4.685683353841305077e-02
1.720000000000000000e+02 4.687413534969091244e-02
1.730000000000000000e+02 4.689812311679125018e-02
1.740000000000000000e+02 4.687337587922811577e-02
1.750000000000000000e+02 4.688736047297716036e-02
1.760000000000000000e+02 4.685554495155811600e-02
1.770000000000000000e+02 4.685283082425594631e-02
1.780000000000000000e+02 4.687478786706924389e-02
1.790000000000000000e+02 4.686964809000492005e-02
1.800000000000000000e+02 4.684865688681602580e-02
1.810000000000000000e+02 4.683080952763557514e-02
1.820000000000000000e+02 4.681734863966703630e-02
1.830000000000000000e+02 4.684848252087831649e-02
1.840000000000000000e+02 4.684801532626151760e-02
1.850000000000000000e+02 4.684430772662162568e-02
1.860000000000000000e+02 4.683840987980365800e-02
1.870000000000000000e+02 4.682166960388421673e-02
1.880000000000000000e+02 4.679178283810615790e-02
1.890000000000000000e+02 4.683299461752176568e-02
1.900000000000000000e+02 4.679143191725015916e-02
