0.000000000000000000e+00 3.342826472520828429e-01
1.000000000000000000e+00 2.006002016067504889e-01
2.000000000000000000e+00 1.830161783695220812e-01
3.000000000000000000e+00 1.650324817895889307e-01
4.000000000000000000e+00 1.552359001040458653e-01
5.000000000000000000e+00 1.435800886154174894e-01
6.000000000000000000e+00 1.285932583212852365e-01
7.000000000000000000e+00 1.209565342068672222e-01
8.000000000000000000e+00 1.126403095722198489e-01
9.000000000000000000e+00 1.022981076240539605e-01
1.000000000000000000e+01 1.012044245004653925e-01
1.100000000000000000e+01 9.041172206401824896e-02
1.200000000000000000e+01 9.057842218875884754e-02
1.300000000000000000e+01 8.467149850726127247e-02
1.400000000000000000e+01 7.929506236314773360e-02
1.500000000000000000e+01 7.852759879827499179e-02
1.600000000000000000e+01 7.527883651852607105e-02
1.700000000000000000e+01 7.205374768376350547e-02
1.800000000000000000e+01 6.624435743689537082e-02
1.900000000000000000e+01 6.353927764296531111e-02
2.000000000000000000e+01 6.522224968671798406e-02
2.100000000000000000e+01 6.782033124566078097e-02
2.200000000000000000e+01 6.116501122713088878e-02
2.300000000000000000e+01 6.791692757606505870e-02
2.400000000000000000e+01 6.382784202694892495e-02
2.500000000000000000e+01 6.026139408349991122e-02
2.600000000000000000e+01 5.482309001684188693e-02
2.700000000000000000e+01 5.495055693387985302e-02
2.800000000000000000e+01 5.384835696220397622e-02
2.900000000000000000e+01 5.215497371554374956e-02
3.000000000000000000e+01 5.151803112030029635e-02
3.100000000000000000e+01 5.097864189743995383e-02
3.200000000000000000e+01 5.041026854515075900e-02
3.300000000000000000e+01 4.907239320874214050e-02
3.400000000000000000e+01 5.019321504235267628e-02
3.500000000000000000e+01 4.670188713073730735e-02
3.600000000000000000e+01 4.747335502505302396e-02
3.700000000000000000e+01 4.649247872829437300e-02
3.800000000000000000e+01 4.684658795595168790e-02
3.900000000000000000e+01 4.446600219607352994e-02
4.000000000000000000e+01 4.469328647851943809e-02
4.100000000000000000e+01 4.692427912354469460e-02
4.200000000000000000e+01 4.607708778977394337e-02
4.300000000000000000e+01 4.564611935615539573e-02
4.400000000000000000e+01 4.327277287840843034e-02
4.500000000000000000e+01 4.062784901261329989e-02
4.600000000000000000e+01 4.510180085897445845e-02
4.700000000000000000e+01 4.239155048131942882e-02
4.800000000000000000e+01 4.195569208264350591e-02
4.900000000000000000e+01 4.370196908712387085e-02
5.000000000000000000e+01 3.561450907588004783e-02
5.100000000000000000e+01 2.621333304047584675e-02
5.200000000000000000e+01 2.554265680909156844e-02
5.300000000000000000e+01 2.500335961580276573e-02
5.400000000000000000e+01 2.452164779603481157e-02
5.500000000000000000e+01 2.501835270226001814e-02
5.600000000000000000e+01 2.482220989465713443e-02
5.700000000000000000e+01 2.590382000803947288e-02
5.800000000000000000e+01 2.567953638732433166e-02
5.900000000000000000e+01 2.468741087615489854e-02
6.000000000000000000e+01 2.676157979667186798e-02
6.100000000000000000e+01 2.813729473948478610e-02
6.200000000000000000e+01 2.466925948858261081e-02
6.300000000000000000e+01 2.413535335659980699e-02
6.400000000000000000e+01 2.427098558843135759e-02
6.500000000000000000e+01 2.380802518129348719e-02
6.600000000000000000e+01 2.460905407369136724e-02
6.700000000000000000e+01 2.446261720359325237e-02
6.800000000000000000e+01 2.437719510495662753e-02
6.900000000000000000e+01 2.353163415193557789e-02
7.000000000000000000e+01 2.380936056375503387e-02
7.100000000000000000e+01 2.348757626116275768e-02
7.200000000000000000e+01 2.293177412450313549e-02
7.300000000000000000e+01 2.583967593312263417e-02
7.400000000000000000e+01 2.478039920330047524e-02
7.500000000000000000e+01 2.371389111876487724e-02
7.600000000000000000e+01 2.413409653306007249e-02
7.700000000000000000e+01 2.395789717137813621e-02
7.800000000000000000e+01 2.437314136326312886e-02
7.900000000000000000e+01 2.481967236101627339e-02
8.000000000000000000e+01 2.549741582572460225e-02
8.100000000000000000e+01 2.610525450110435380e-02
8.200000000000000000e+01 2.549064624309539673e-02
8.300000000000000000e+01 2.581493094563484109e-02
8.400000000000000000e+01 2.409754906594753152e-02
8.500000000000000000e+01 2.277844363451004064e-02
8.600000000000000000e+01 2.286975038051605388e-02
8.700000000000000000e+01 2.418487577140331427e-02
8.800000000000000000e+01 2.469032835960388236e-02
8.900000000000000000e+01 2.592930036783218373e-02
9.000000000000000000e+01 2.404378695785999373e-02
9.100000000000000000e+01 2.323300132155418224e-02
9.200000000000000000e+01 2.454776640236377636e-02
9.300000000000000000e+01 2.351843574643135149e-02
9.400000000000000000e+01 2.340993861854076541e-02
9.500000000000000000e+01 2.296857750415802132e-02
9.600000000000000000e+01 2.692961855232715515e-02
9.700000000000000000e+01 2.410332682728767370e-02
9.800000000000000000e+01 2.268209664523601621e-02
9.900000000000000000e+01 2.216346061229705969e-02
1.000000000000000000e+02 1.878759478777647027e-02
1.010000000000000000e+02 1.411863977462053318e-02
1.020000000000000000e+02 1.348794972896576010e-02
1.030000000000000000e+02 1.319124287366867099e-02
1.040000000000000000e+02 1.304098820686340303e-02
1.050000000000000000e+02 1.376168527454137841e-02
1.060000000000000000e+02 1.353596173226833364e-02
1.070000000000000000e+02 1.432360810041427568e-02
1.080000000000000000e+02 1.337187268584966691e-02
1.090000000000000000e+02 1.405355331301689180e-02
1.100000000000000000e+02 1.385168336331844309e-02
1.110000000000000000e+02 1.308817508071660925e-02
1.120000000000000000e+02 1.324826450645923658e-02
1.130000000000000000e+02 1.335625563561916411e-02
1.140000000000000000e+02 1.322459624707698900e-02
1.150000000000000000e+02 1.321095478534698407e-02
1.160000000000000000e+02 1.322166021168231891e-02
1.170000000000000000e+02 1.379832457751035621e-02
1.180000000000000000e+02 1.325856371968984690e-02
1.190000000000000000e+02 1.330735600739717424e-02
1.200000000000000000e+02 1.297758434712886766e-02
1.210000000000000000e+02 1.291276615113019950e-02
1.220000000000000000e+02 1.302406429499387668e-02
1.230000000000000000e+02 1.270136995613574925e-02
1.240000000000000000e+02 1.306695872545242387e-02
1.250000000000000000e+02 1.348025257885456137e-02
1.260000000000000000e+02 1.323409196734428445e-02
1.270000000000000000e+02 1.445101600885391295e-02
1.280000000000000000e+02 1.446063689142465525e-02
1.290000000000000000e+02 1.282016719877719819e-02
1.300000000000000000e+02 1.294057612866163220e-02
1.310000000000000000e+02 1.337678694725036657e-02
1.320000000000000000e+02 1.287426397949457089e-02
1.330000000000000000e+02 1.293315163999795951e-02
1.340000000000000000e+02 1.303281603008508635e-02
1.350000000000000000e+02 1.270411381870508241e-02
1.360000000000000000e+02 1.253383684903383241e-02
1.370000000000000000e+02 1.271423302590846995e-02
1.380000000000000000e+02 1.316947091370821062e-02
1.390000000000000000e+02 1.289145562797784812e-02
1.400000000000000000e+02 1.334437038749456371e-02
1.410000000000000000e+02 1.252054444700479580e-02
1.420000000000000000e+02 1.238682441413402509e-02
1.430000000000000000e+02 1.357901616394519874e-02
1.440000000000000000e+02 1.284242475032806342e-02
1.450000000000000000e+02 1.313176236301660457e-02
1.460000000000000000e+02 1.295872055739164322e-02
1.470000000000000000e+02 1.266432012617588025e-02
1.480000000000000000e+02 1.241444895416498120e-02
1.490000000000000000e+02 1.194910538196563773e-02
1.500000000000000000e+02 1.068778654187917641e-02
1.510000000000000000e+02 7.604396767914294898e-03
1.520000000000000000e+02 7.504376746714115122e-03
1.530000000000000000e+02 7.457822296768426909e-03
1.540000000000000000e+02 7.701388452202081319e-03
1.550000000000000000e+02 7.781786728650331650e-03
1.560000000000000000e+02 7.648777365684509416e-03
1.570000000000000000e+02 7.849289450794457931e-03
1.580000000000000000e+02 7.711064264178275722e-03
1.590000000000000000e+02 7.879856012761593184e-03
1.600000000000000000e+02 7.835381668061018601e-03
1.610000000000000000e+02 7.685144141316413956e-03
1.620000000000000000e+02 7.615003060549497237e-03
1.630000000000000000e+02 7.581983201205730501e-03
1.640000000000000000e+02 7.463575452566146955e-03
1.650000000000000000e+02 8.290751047432423290e-03
1.660000000000000000e+02 8.358050428330899076e-03
1.670000000000000000e+02 8.100065983831882324e-03
1.680000000000000000e+02 7.600250050425529438e-03
1.690000000000000000e+02 7.817001208662986700e-03
1.700000000000000000e+02 7.686692535877228186e-03
1.710000000000000000e+02 7.654164977371692886e-03
1.720000000000000000e+02 7.668354544788599271e-03
1.730000000000000000e+02 7.505244038999080332e-03
1.740000000000000000e+02 7.170530814677477001e-03
1.750000000000000000e+02 7.205188494175672129e-03
1.760000000000000000e+02 7.467330984771251845e-03
1.770000000000000000e+02 7.519173998385668065e-03
1.780000000000000000e+02 7.678717259317636643e-03
1.790000000000000000e+02 7.477201446890830924e-03
1.800000000000000000e+02 7.618391837924718725e-03
1.810000000000000000e+02 8.032969258725642520e-03
1.820000000000000000e+02 7.478733133524656171e-03
1.830000000000000000e+02 7.493104014545679328e-03
1.840000000000000000e+02 7.973308239132165590e-03
1.850000000000000000e+02 8.369878187775611766e-03
1.860000000000000000e+02 7.631449185311793906e-03
1.870000000000000000e+02 7.298008095473051265e-03
1.880000000000000000e+02 7.256677776575088529e-03
1.890000000000000000e+02 7.378420580178499111e-03
1.900000000000000000e+02 7.072930935770273611e-03
1.910000000000000000e+02 7.368488594889640447e-03
1.920000000000000000e+02 7.666219983249902663e-03
1.930000000000000000e+02 7.083074066787957944e-03
1.940000000000000000e+02 7.825900357216596798e-03
1.950000000000000000e+02 7.688538130372762902e-03
1.960000000000000000e+02 6.978688947856426412e-03
1.970000000000000000e+02 7.179271798580884670e-03
1.980000000000000000e+02 7.179353646934032683e-03
1.990000000000000000e+02 7.626036405563354700e-03
2.000000000000000000e+02 6.723811380565166730e-03
2.010000000000000000e+02 4.775426626205444419e-03
2.020000000000000000e+02 4.516672059893608523e-03
2.030000000000000000e+02 4.533641032874583844e-03
2.040000000000000000e+02 4.923122238367796250e-03
2.050000000000000000e+02 4.836669135838747406e-03
2.060000000000000000e+02 4.676477164030075177e-03
2.070000000000000000e+02 4.607231050729751823e-03
2.080000000000000000e+02 4.628432184457778945e-03
2.090000000000000000e+02 4.588070157915354053e-03
2.100000000000000000e+02 4.766747839748858989e-03
2.110000000000000000e+02 4.789955295622348903e-03
2.120000000000000000e+02 4.769256196916103578e-03
2.130000000000000000e+02 4.651330202817916502e-03
2.140000000000000000e+02 4.677565056830644205e-03
2.150000000000000000e+02 4.846412021666765199e-03
2.160000000000000000e+02 4.722927156835794379e-03
2.170000000000000000e+02 4.554690163582563421e-03
2.180000000000000000e+02 4.734484374523163092e-03
2.190000000000000000e+02 4.688988704234361635e-03
2.200000000000000000e+02 4.657113589346408532e-03
2.210000000000000000e+02 4.792498156428337368e-03
2.220000000000000000e+02 4.661535259336233548e-03
2.230000000000000000e+02 4.718780547380447069e-03
2.240000000000000000e+02 4.680785622447729451e-03
2.250000000000000000e+02 4.573077753186226106e-03
2.260000000000000000e+02 4.637650866061449224e-03
2.270000000000000000e+02 4.733984336256980702e-03
2.280000000000000000e+02 4.895130690187215680e-03
2.290000000000000000e+02 5.278113801032304798e-03
2.300000000000000000e+02 4.912942897528410104e-03
2.310000000000000000e+02 4.688117064535617627e-03
2.320000000000000000e+02 4.482111260294914523e-03
2.330000000000000000e+02 4.444418277591466633e-03
2.340000000000000000e+02 4.519993126392364384e-03
2.350000000000000000e+02 4.671085812151432211e-03
2.360000000000000000e+02 4.710913617163896977e-03
2.370000000000000000e+02 4.392444446682929916e-03
2.380000000000000000e+02 4.475070595741271681e-03
2.390000000000000000e+02 4.513982690870762225e-03
2.400000000000000000e+02 4.610894944518804245e-03
2.410000000000000000e+02 4.566637326031922940e-03
2.420000000000000000e+02 4.412736274302006025e-03
2.430000000000000000e+02 4.601157519966364053e-03
2.440000000000000000e+02 4.661173120141029295e-03
2.450000000000000000e+02 4.468218345195055195e-03
2.460000000000000000e+02 4.415356621146201803e-03
2.470000000000000000e+02 4.485251843929291028e-03
2.480000000000000000e+02 4.498555388301610919e-03
2.490000000000000000e+02 4.473050173372030390e-03
2.500000000000000000e+02 4.026536159217357878e-03
2.510000000000000000e+02 3.287610672414302895e-03
2.520000000000000000e+02 3.167474081739783329e-03
2.530000000000000000e+02 3.137151762843131894e-03
2.540000000000000000e+02 3.257360523566603643e-03
2.550000000000000000e+02 3.193831203505396836e-03
2.560000000000000000e+02 3.210087398067116952e-03
2.570000000000000000e+02 3.284800868481397521e-03
2.580000000000000000e+02 3.278434548527002241e-03
2.590000000000000000e+02 3.272460794076323398e-03
2.600000000000000000e+02 3.232373021543025800e-03
2.610000000000000000e+02 3.179237022995948583e-03
2.620000000000000000e+02 3.207952490076422612e-03
2.630000000000000000e+02 3.188121691346168605e-03
2.640000000000000000e+02 3.232224209234118434e-03
2.650000000000000000e+02 3.295945938676595865e-03
2.660000000000000000e+02 3.228732865303754647e-03
2.670000000000000000e+02 3.154851777479052675e-03
2.680000000000000000e+02 3.145662393420934743e-03
2.690000000000000000e+02 3.294220220297574934e-03
2.700000000000000000e+02 3.248574402183294213e-03
2.710000000000000000e+02 3.193551344797015360e-03
2.720000000000000000e+02 3.228905571624636744e-03
2.730000000000000000e+02 3.221690487116575085e-03
2.740000000000000000e+02 3.178774887695908630e-03
2.750000000000000000e+02 3.126813312992453558e-03
2.760000000000000000e+02 3.140321942046284467e-03
2.770000000000000000e+02 3.214468633756041409e-03
2.780000000000000000e+02 3.254245612770319089e-03
2.790000000000000000e+02 3.286397375166416092e-03
2.800000000000000000e+02 3.154583793133497113e-03
2.810000000000000000e+02 3.115031849592924101e-03
2.820000000000000000e+02 3.145353564992547143e-03
2.830000000000000000e+02 3.128202972933649944e-03
2.840000000000000000e+02 3.149793712422251524e-03
2.850000000000000000e+02 3.131049312651157466e-03
2.860000000000000000e+02 3.125700853765010865e-03
2.870000000000000000e+02 3.138574259355664427e-03
2.880000000000000000e+02 3.167920654639601492e-03
2.890000000000000000e+02 3.116750989109277718e-03
2.900000000000000000e+02 3.127681056037545041e-03
2.910000000000000000e+02 3.165953261777758754e-03
2.920000000000000000e+02 3.144973909482359775e-03
2.930000000000000000e+02 3.142959274351596853e-03
2.940000000000000000e+02 3.255334757268428872e-03
2.950000000000000000e+02 3.151049263775348736e-03
2.960000000000000000e+02 3.033709922805428311e-03
2.970000000000000000e+02 3.085408408194780482e-03
2.980000000000000000e+02 3.143490346148610295e-03
2.990000000000000000e+02 3.176046023145318205e-03
3.000000000000000000e+02 2.934391887858509972e-03
3.010000000000000000e+02 2.527701826766133239e-03
3.020000000000000000e+02 2.433551471680402579e-03
3.030000000000000000e+02 2.409775871783495071e-03
3.040000000000000000e+02 2.447401059791445756e-03
3.050000000000000000e+02 2.494009478017687655e-03
3.060000000000000000e+02 2.491714209318160803e-03
3.070000000000000000e+02 2.474872970953583516e-03
3.080000000000000000e+02 2.473334725946187921e-03
3.090000000000000000e+02 2.510699661448598068e-03
3.100000000000000000e+02 2.496108587831258850e-03
3.110000000000000000e+02 2.491578068584203789e-03
3.120000000000000000e+02 2.504858378320932305e-03
3.130000000000000000e+02 2.553450798615813314e-03
3.140000000000000000e+02 2.560481006279587829e-03
3.150000000000000000e+02 2.532045170664787119e-03
3.160000000000000000e+02 2.469107594341039824e-03
3.170000000000000000e+02 2.461250040680170066e-03
3.180000000000000000e+02 2.506927670910954337e-03
3.190000000000000000e+02 2.500097468495368971e-03
3.200000000000000000e+02 2.472349325194954719e-03
3.210000000000000000e+02 2.447659384459256997e-03
3.220000000000000000e+02 2.440772317349910580e-03
3.230000000000000000e+02 2.457345046103000426e-03
3.240000000000000000e+02 2.462935131043195690e-03
3.250000000000000000e+02 2.443156760185956865e-03
3.260000000000000000e+02 2.461051918566227112e-03
3.270000000000000000e+02 2.493994573131203766e-03
3.280000000000000000e+02 2.477444725111127045e-03
3.290000000000000000e+02 2.461225310340523723e-03
3.300000000000000000e+02 2.468217112123966342e-03
3.310000000000000000e+02 2.473425611853599486e-03
3.320000000000000000e+02 2.482651002705097212e-03
3.330000000000000000e+02 2.492529690265655670e-03
3.340000000000000000e+02 2.462508680298924370e-03
3.350000000000000000e+02 2.419103456661105336e-03
3.360000000000000000e+02 2.412396593019366063e-03
3.370000000000000000e+02 2.435068007558584269e-03
3.380000000000000000e+02 2.444454584270715561e-03
3.390000000000000000e+02 2.475469511002302211e-03
3.400000000000000000e+02 2.454710017889738007e-03
3.410000000000000000e+02 2.454583525657653888e-03
3.420000000000000000e+02 2.440174188464879802e-03
3.430000000000000000e+02 2.430336434394121323e-03
3.440000000000000000e+02 2.422278648242354258e-03
3.450000000000000000e+02 2.416271273046732143e-03
3.460000000000000000e+02 2.440375192090869089e-03
3.470000000000000000e+02 2.398835498839616952e-03
3.480000000000000000e+02 2.411922255530953539e-03
3.490000000000000000e+02 2.423396721482277104e-03
3.500000000000000000e+02 2.318557333201169950e-03
3.510000000000000000e+02 2.139951052144169804e-03
3.520000000000000000e+02 2.105758577585220212e-03
3.530000000000000000e+02 2.101707052439451186e-03
3.540000000000000000e+02 2.107532513327896751e-03
3.550000000000000000e+02 2.109585109166800792e-03
3.560000000000000000e+02 2.112184489145874870e-03
3.570000000000000000e+02 2.110433712601661807e-03
3.580000000000000000e+02 2.120459813624620254e-03
3.590000000000000000e+02 2.133828972466290160e-03
3.600000000000000000e+02 2.116566707380116135e-03
3.610000000000000000e+02 2.116543196141719863e-03
3.620000000000000000e+02 2.116697542369365848e-03
3.630000000000000000e+02 2.130871536210179450e-03
3.640000000000000000e+02 2.120494958013295975e-03
3.650000000000000000e+02 2.117432065308093823e-03
3.660000000000000000e+02 2.102383753284811901e-03
3.670000000000000000e+02 2.110440123826265533e-03
3.680000000000000000e+02 2.124148457311093689e-03
3.690000000000000000e+02 2.129050286486744870e-03
3.700000000000000000e+02 2.123754741623997723e-03
3.710000000000000000e+02 2.114534976892173436e-03
3.720000000000000000e+02 2.132541047409176795e-03
3.730000000000000000e+02 2.132812915369868435e-03
3.740000000000000000e+02 2.141904527321457797e-03
3.750000000000000000e+02 2.114508561789989281e-03
3.760000000000000000e+02 2.102953083813190616e-03
3.770000000000000000e+02 2.098348675295710723e-03
3.780000000000000000e+02 2.096253223717212469e-03
3.790000000000000000e+02 2.095958709716796813e-03
3.800000000000000000e+02 2.101666511967778365e-03
3.810000000000000000e+02 2.092413643375039007e-03
3.820000000000000000e+02 2.082736447453498695e-03
3.830000000000000000e+02 2.092742264270782641e-03
3.840000000000000000e+02 2.100360346958041191e-03
3.850000000000000000e+02 2.099346620962023752e-03
3.860000000000000000e+02 2.098143417388200621e-03
3.870000000000000000e+02 2.094599462114274304e-03
3.880000000000000000e+02 2.134716408327221905e-03
3.890000000000000000e+02 2.129043573513626948e-03
3.900000000000000000e+02 2.090449646115303053e-03
3.910000000000000000e+02 2.087134785950183879e-03
3.920000000000000000e+02 2.081786924041807447e-03
3.930000000000000000e+02 2.082234255969524304e-03
3.940000000000000000e+02 2.061979945749044425e-03
3.950000000000000000e+02 2.062845307402312589e-03
3.960000000000000000e+02 2.066078183241188554e-03
3.970000000000000000e+02 2.054619403555989123e-03
3.980000000000000000e+02 2.054300195537507416e-03
3.990000000000000000e+02 2.056350387632847020e-03
4.000000000000000000e+02 2.014996021054685140e-03
4.010000000000000000e+02 1.940448116511106534e-03
4.020000000000000000e+02 1.928815372288227113e-03
4.030000000000000000e+02 1.925013560801744393e-03
4.040000000000000000e+02 1.924700658768415361e-03
4.050000000000000000e+02 1.923526488244533617e-03
4.060000000000000000e+02 1.925115186721086539e-03
4.070000000000000000e+02 1.927693383768200883e-03
4.080000000000000000e+02 1.927722416818141837e-03
4.090000000000000000e+02 1.938585733994841517e-03
4.100000000000000000e+02 1.927390465512871702e-03
4.110000000000000000e+02 1.927559033036232083e-03
4.120000000000000000e+02 1.932521208189427915e-03
4.130000000000000000e+02 1.923935992643237020e-03
4.140000000000000000e+02 1.931653478182852228e-03
4.150000000000000000e+02 1.935303685255348755e-03
4.160000000000000000e+02 1.927091209217905938e-03
4.170000000000000000e+02 1.924564637243747706e-03
4.180000000000000000e+02 1.925470881164073871e-03
4.190000000000000000e+02 1.932353917509317372e-03
4.200000000000000000e+02 1.929036512039601766e-03
4.210000000000000000e+02 1.915480335243046218e-03
4.220000000000000000e+02 1.925631881691515501e-03
4.230000000000000000e+02 1.927084545604884538e-03
4.240000000000000000e+02 1.917753834277391434e-03
4.250000000000000000e+02 1.917371805757284208e-03
4.260000000000000000e+02 1.923674735240638338e-03
4.270000000000000000e+02 1.930942186154425153e-03
4.280000000000000000e+02 1.938376213423907788e-03
4.290000000000000000e+02 1.927388887852430396e-03
4.300000000000000000e+02 1.905667797662317703e-03
4.310000000000000000e+02 1.912115909159183523e-03
4.320000000000000000e+02 1.912155476398765940e-03
4.330000000000000000e+02 1.908380061388015650e-03
4.340000000000000000e+02 1.909490439109504199e-03
4.350000000000000000e+02 1.907666167244315104e-03
4.360000000000000000e+02 1.916743170469999277e-03
4.370000000000000000e+02 1.917892982251942144e-03
4.380000000000000000e+02 1.909614906646311212e-03
4.390000000000000000e+02 1.908696707338094654e-03
4.400000000000000000e+02 1.928406059741973868e-03
4.410000000000000000e+02 1.922000949271023213e-03
4.420000000000000000e+02 1.908980277366936285e-03
4.430000000000000000e+02 1.907425990328192635e-03
4.440000000000000000e+02 1.906887147575616779e-03
4.450000000000000000e+02 1.904680210165679522e-03
4.460000000000000000e+02 1.897747407667338881e-03
4.470000000000000000e+02 1.896873130463063621e-03
4.480000000000000000e+02 1.888193156570196077e-03
4.490000000000000000e+02 1.888793362304568230e-03
4.500000000000000000e+02 1.875489260070025994e-03
4.510000000000000000e+02 1.841042791493237036e-03
4.520000000000000000e+02 1.834765677340328711e-03
4.530000000000000000e+02 1.831824222579598324e-03
4.540000000000000000e+02 1.830014918930828599e-03
4.550000000000000000e+02 1.835374996997416125e-03
4.560000000000000000e+02 1.837229900062084227e-03
4.570000000000000000e+02 1.834785516373813085e-03
4.580000000000000000e+02 1.839311859570443627e-03
4.590000000000000000e+02 1.835863189771771509e-03
4.600000000000000000e+02 1.830406734719872532e-03
4.610000000000000000e+02 1.835667671635747046e-03
4.620000000000000000e+02 1.832817011512815914e-03
4.630000000000000000e+02 1.827719462104141629e-03
4.640000000000000000e+02 1.828587401658296691e-03
4.650000000000000000e+02 1.832925482653081353e-03
4.660000000000000000e+02 1.835529008880257664e-03
4.670000000000000000e+02 1.832126696594059455e-03
4.680000000000000000e+02 1.828665250912308660e-03
4.690000000000000000e+02 1.829349400475621277e-03
4.700000000000000000e+02 1.828987647779285958e-03
4.710000000000000000e+02 1.832411972805857723e-03
4.720000000000000000e+02 1.833327468484640017e-03
4.730000000000000000e+02 1.827446059323847198e-03
4.740000000000000000e+02 1.831920114345848664e-03
4.750000000000000000e+02 1.831916388124227475e-03
4.760000000000000000e+02 1.824062342755496504e-03
4.770000000000000000e+02 1.824680387042462932e-03
4.780000000000000000e+02 1.825381387956440463e-03
4.790000000000000000e+02 1.825335730798542536e-03
4.800000000000000000e+02 1.829314575530588535e-03
4.810000000000000000e+02 1.829075621441006612e-03
4.820000000000000000e+02 1.824182238429784744e-03
4.830000000000000000e+02 1.819569136947393360e-03
4.840000000000000000e+02 1.819858363829553226e-03
4.850000000000000000e+02 1.818748536519706289e-03
4.860000000000000000e+02 1.821364693343639459e-03
4.870000000000000000e+02 1.819463485851883795e-03
4.880000000000000000e+02 1.816497425548732354e-03
4.890000000000000000e+02 1.816205886192619710e-03
4.900000000000000000e+02 1.816497718915343305e-03
4.910000000000000000e+02 1.816737499088049010e-03
4.920000000000000000e+02 1.812359491363167751e-03
4.930000000000000000e+02 1.814517744816839797e-03
4.940000000000000000e+02 1.814435363747179605e-03
4.950000000000000000e+02 1.816721769049763633e-03
4.960000000000000000e+02 1.812141124159097685e-03
4.970000000000000000e+02 1.819669603370130005e-03
4.980000000000000000e+02 1.814882727339863768e-03
4.990000000000000000e+02 1.810611706227064190e-03
