0.000000000000000000e+00 1.522806081324815652e-01
1.000000000000000000e+00 1.106903802394866992e-01
2.000000000000000000e+00 9.378376562595366894e-02
3.000000000000000000e+00 8.422636132836341938e-02
4.000000000000000000e+00 7.860606670379638450e-02
5.000000000000000000e+00 7.473185117542743838e-02
6.000000000000000000e+00 7.150481374114751876e-02
7.000000000000000000e+00 6.941618346869946055e-02
8.000000000000000000e+00 6.792497091889380945e-02
9.000000000000000000e+00 6.619852626025676812e-02
1.000000000000000000e+01 6.490455621182918133e-02
1.100000000000000000e+01 6.304835841208696057e-02
1.200000000000000000e+01 6.238331559896469203e-02
1.300000000000000000e+01 6.183153821080922957e-02
1.400000000000000000e+01 6.084305001795291962e-02
1.500000000000000000e+01 6.003123097866773505e-02
1.600000000000000000e+01 5.921311310082674056e-02
1.700000000000000000e+01 5.859387906789779998e-02
1.800000000000000000e+01 5.835080297738313992e-02
1.900000000000000000e+01 5.775445961207151258e-02
2.000000000000000000e+01 5.715217924118042025e-02
2.100000000000000000e+01 5.677912085503340062e-02
2.200000000000000000e+01 5.670430573076009478e-02
2.300000000000000000e+01 5.593530760407448149e-02
2.400000000000000000e+01 5.546474141180515044e-02
2.500000000000000000e+01 5.528212298154831089e-02
2.600000000000000000e+01 5.499765892922878208e-02
2.700000000000000000e+01 5.469661939889192831e-02
2.800000000000000000e+01 5.427064631134271427e-02
2.900000000000000000e+01 5.421465402543544643e-02
3.000000000000000000e+01 5.383920996189117680e-02
3.100000000000000000e+01 5.344707143455743742e-02
3.200000000000000000e+01 5.333961755633354063e-02
3.300000000000000000e+01 5.293594952523708597e-02
3.400000000000000000e+01 5.278513294458389571e-02
3.500000000000000000e+01 5.272190909385680857e-02
3.600000000000000000e+01 5.249245928376913145e-02
3.700000000000000000e+01 5.212870470583438887e-02
3.800000000000000000e+01 5.220848590731620720e-02
3.900000000000000000e+01 5.207565640360117126e-02
4.000000000000000000e+01 5.184687098115682569e-02
4.100000000000000000e+01 5.147315912246704095e-02
4.200000000000000000e+01 5.151729889512061955e-02
4.300000000000000000e+01 5.096007372140884395e-02
4.400000000000000000e+01 5.117920937538147225e-02
4.500000000000000000e+01 5.109999476820230313e-02
4.600000000000000000e+01 5.075945259332657195e-02
4.700000000000000000e+01 5.062277471274137519e-02
4.800000000000000000e+01 5.052912430912256253e-02
4.900000000000000000e+01 5.054263298809528321e-02
5.000000000000000000e+01 4.298195230513811305e-02
5.100000000000000000e+01 4.073096736818552360e-02
5.200000000000000000e+01 4.044202922880649892e-02
5.300000000000000000e+01 4.032348492741584522e-02
5.400000000000000000e+01 4.011280975937843440e-02
5.500000000000000000e+01 3.989841621667146454e-02
5.600000000000000000e+01 3.983245999217033262e-02
5.700000000000000000e+01 3.982237690389156537e-02
5.800000000000000000e+01 3.967061847448349193e-02
5.900000000000000000e+01 3.964710359126329131e-02
6.000000000000000000e+01 3.950314818993210658e-02
6.100000000000000000e+01 3.954480070918798412e-02
6.200000000000000000e+01 3.942854379415512006e-02
6.300000000000000000e+01 3.934463853091001856e-02
6.400000000000000000e+01 3.933260816037655039e-02
6.500000000000000000e+01 3.936097932457923582e-02
6.600000000000000000e+01 3.930747181996702838e-02
6.700000000000000000e+01 3.917315630614757321e-02
6.800000000000000000e+01 3.923230347335338736e-02
6.900000000000000000e+01 3.912001364082098170e-02
7.000000000000000000e+01 3.903447752669453319e-02
7.100000000000000000e+01 3.905076939463615615e-02
7.200000000000000000e+01 3.910735351443291041e-02
7.300000000000000000e+01 3.907059514373541209e-02
7.400000000000000000e+01 3.888138091787696204e-02
7.500000000000000000e+01 3.887313519492745229e-02
7.600000000000000000e+01 3.894998848587274271e-02
7.700000000000000000e+01 3.887037900686263897e-02
7.800000000000000000e+01 3.881104566007852891e-02
7.900000000000000000e+01 3.868113127797841860e-02
8.000000000000000000e+01 3.865023849159478914e-02
8.100000000000000000e+01 3.868714856058359103e-02
8.200000000000000000e+01 3.865175630450248812e-02
8.300000000000000000e+01 3.865972861796617560e-02
8.400000000000000000e+01 3.869945591092109616e-02
8.500000000000000000e+01 3.869783096015453477e-02
8.600000000000000000e+01 3.860068281143903823e-02
8.700000000000000000e+01 3.851230174526572292e-02
8.800000000000000000e+01 3.843545405119657560e-02
8.900000000000000000e+01 3.848006835579872303e-02
9.000000000000000000e+01 3.843553645014762682e-02
9.100000000000000000e+01 3.849249879792332463e-02
9.200000000000000000e+01 3.847370277270674432e-02
9.300000000000000000e+01 3.836099520102143057e-02
9.400000000000000000e+01 3.830942155271768734e-02
9.500000000000000000e+01 3.848178755342960417e-02
9.600000000000000000e+01 3.831630610823631017e-02
9.700000000000000000e+01 3.820138738751411439e-02
9.800000000000000000e+01 3.836243779435753731e-02
9.900000000000000000e+01 3.819436860531568584e-02
1.000000000000000000e+02 3.387134282737970514e-02
1.010000000000000000e+02 3.234021265283226754e-02
1.020000000000000000e+02 3.223213952407241040e-02
1.030000000000000000e+02 3.216889755725860917e-02
1.040000000000000000e+02 3.212991459891199886e-02
1.050000000000000000e+02 3.200313685536384373e-02
1.060000000000000000e+02 3.188763832002878412e-02
1.070000000000000000e+02 3.193079044446349435e-02
1.080000000000000000e+02 3.192456128895282408e-02
1.090000000000000000e+02 3.189429002478718495e-02
1.100000000000000000e+02 3.180662306472659129e-02
1.110000000000000000e+02 3.186046015545725835e-02
1.120000000000000000e+02 3.184868881851434658e-02
1.130000000000000000e+02 3.176934159696102183e-02
1.140000000000000000e+02 3.183939467668533280e-02
1.150000000000000000e+02 3.182565027996897555e-02
1.160000000000000000e+02 3.169975798428058961e-02
1.170000000000000000e+02 3.164803584516048124e-02
1.180000000000000000e+02 3.169065237641334465e-02
1.190000000000000000e+02 3.170101676359772525e-02
1.200000000000000000e+02 3.169197297543287217e-02
1.210000000000000000e+02 3.166078396067023570e-02
1.220000000000000000e+02 3.168813055083155583e-02
1.230000000000000000e+02 3.163887134790420441e-02
1.240000000000000000e+02 3.157848218232393173e-02
1.250000000000000000e+02 3.156471049860119782e-02
1.260000000000000000e+02 3.157533531486988315e-02
1.270000000000000000e+02 3.160392258763313617e-02
1.280000000000000000e+02 3.158585813343525034e-02
1.290000000000000000e+02 3.153711813166737432e-02
1.300000000000000000e+02 3.153562524840235887e-02
1.310000000000000000e+02 3.152354548647999521e-02
1.320000000000000000e+02 3.146836265325546333e-02
1.330000000000000000e+02 3.150907279029488417e-02
1.340000000000000000e+02 3.144828887060284461e-02
1.350000000000000000e+02 3.140499840900302236e-02
1.360000000000000000e+02 3.135419773757457812e-02
1.370000000000000000e+02 3.140985383838414829e-02
1.380000000000000000e+02 3.140918827205896324e-02
1.390000000000000000e+02 3.143782769441604702e-02
1.400000000000000000e+02 3.134800417050719046e-02
1.410000000000000000e+02 3.141827077791094908e-02
1.420000000000000000e+02 3.141315785273909866e-02
1.430000000000000000e+02 3.137237149775028155e-02
1.440000000000000000e+02 3.141087061762809496e-02
1.450000000000000000e+02 3.133694086298346310e-02
1.460000000000000000e+02 3.138675878942012720e-02
1.470000000000000000e+02 3.129880705624818460e-02
1.480000000000000000e+02 3.133444634303450549e-02
1.490000000000000000e+02 3.139458354935049933e-02
1.500000000000000000e+02 2.875261080041527709e-02
1.510000000000000000e+02 2.774893206581473259e-02
1.520000000000000000e+02 2.766613325774669799e-02
1.530000000000000000e+02 2.765093163773417462e-02
1.540000000000000000e+02 2.763379367440938969e-02
1.550000000000000000e+02 2.757662053853273537e-02
1.560000000000000000e+02 2.752856255695223728e-02
1.570000000000000000e+02 2.750921410396695022e-02
1.580000000000000000e+02 2.749274245426058805e-02
1.590000000000000000e+02 2.745882433503866321e-02
1.600000000000000000e+02 2.744524932354688515e-02
1.610000000000000000e+02 2.742757353335618931e-02
1.620000000000000000e+02 2.740641098469495662e-02
1.630000000000000000e+02 2.737960665747523475e-02
1.640000000000000000e+02 2.740600634813308845e-02
1.650000000000000000e+02 2.736201260909438063e-02
1.660000000000000000e+02 2.738834543824195805e-02
1.670000000000000000e+02 2.733624718040227747e-02
1.680000000000000000e+02 2.730177737548947214e-02
1.690000000000000000e+02 2.735510478317737526e-02
1.700000000000000000e+02 2.730144919902086423e-02
1.710000000000000000e+02 2.727305390760302595e-02
1.720000000000000000e+02 2.724074057787656891e-02
1.730000000000000000e+02 2.726093616262078440e-02
1.740000000000000000e+02 2.729952275604009479e-02
1.750000000000000000e+02 2.721650736778974400e-02
1.760000000000000000e+02 2.721295996606349840e-02
1.770000000000000000e+02 2.721752735227346565e-02
1.780000000000000000e+02 2.716869166046381040e-02
1.790000000000000000e+02 2.718673309832811413e-02
1.800000000000000000e+02 2.716018439456820491e-02
1.810000000000000000e+02 2.720546521171927565e-02
1.820000000000000000e+02 2.712559420838952032e-02
1.830000000000000000e+02 2.713870491385459924e-02
1.840000000000000000e+02 2.711562965512275686e-02
1.850000000000000000e+02 2.711807534396648567e-02
1.860000000000000000e+02 2.713042037487030031e-02
1.870000000000000000e+02 2.711332356035709226e-02
1.880000000000000000e+02 2.708104035407304933e-02
1.890000000000000000e+02 2.706033829525113232e-02
1.900000000000000000e+02 2.709154804199934152e-02
1.910000000000000000e+02 2.702735157832503177e-02
1.920000000000000000e+02 2.705221095085143940e-02
1.930000000000000000e+02 2.703184419944882483e-02
1.940000000000000000e+02 2.705070038139820165e-02
1.950000000000000000e+02 2.701373111456632781e-02
1.960000000000000000e+02 2.699081410095095779e-02
1.970000000000000000e+02 2.699767097905278121e-02
1.980000000000000000e+02 2.696961454451084206e-02
1.990000000000000000e+02 2.699825039058923598e-02
2.000000000000000000e+02 2.555039941295981359e-02
2.010000000000000000e+02 2.492414170429110495e-02
